3 137
7 -3
1 -9
3 -2
6 1 3 92
6 1 2 99
6 2 3 29
6 1 1 81
6 3 3 36
6 2 2 76
6 2 3 64
6 2 2 41
6 2 3 35
6 2 3 16
6 3 3 9
6 2 2 54
6 3 3 76
6 3 3 77
6 3 3 69
6 2 3 84
6 1 2 11
6 2 3 52
6 1 3 70
6 3 3 14
6 3 3 84
6 2 2 1
6 1 3 81
6 3 3 72
6 2 2 7
6 3 3 91
6 3 3 3
6 1 3 79
6 1 3 56
6 1 3 23
6 2 3 78
6 2 2 63
6 3 3 8
6 1 1 12
6 1 2 98
6 2 3 25
6 3 3 49
6 1 3 96
6 2 2 44
6 2 2 92
6 3 3 29
6 2 2 75
6 1 1 73
6 3 3 32
6 3 3 94
6 3 3 41
6 1 1 95
6 1 1 9
6 1 2 100
6 1 2 90
6 3 3 71
6 3 3 78
6 2 3 57
6 2 3 9
6 3 3 27
6 2 2 90
6 3 3 39
6 2 3 28
6 3 3 62
6 2 2 100
6 3 3 53
6 1 1 14
6 1 2 45
6 2 2 14
6 2 2 70
6 2 2 2
6 1 2 45
6 3 3 87
6 1 2 87
6 1 2 48
6 2 2 14
6 2 3 34
6 3 3 7
6 2 2 79
6 2 2 58
6 1 3 34
6 3 3 28
6 3 3 63
6 3 3 13
6 3 3 44
6 1 3 61
6 3 3 43
6 1 1 82
6 3 3 34
6 2 3 49
6 2 3 5
6 2 2 55
6 1 1 3
6 3 3 73
6 1 3 64
6 2 2 59
6 2 2 36
6 3 3 41
6 1 2 44
6 2 3 12
6 1 1 23
6 2 3 48
6 1 3 57
6 2 3 72
6 1 3 60
6 2 3 65
6 1 3 14
6 2 2 94
6 2 3 48
6 1 2 84
6 3 3 83
6 1 2 83
6 2 3 28
6 2 2 8
6 1 1 14
6 2 3 14
6 1 2 100
6 1 3 67
6 3 3 21
6 1 1 89
6 3 3 91
6 1 3 30
6 1 2 74
6 1 2 97
6 1 3 65
6 1 3 76
6 3 3 59
6 1 2 23
6 3 3 2
6 3 3 35
6 2 2 95
6 2 3 43
6 2 2 55
6 1 3 48
6 1 2 53
6 3 3 74
6 1 3 30
6 3 3 20
6 3 3 73
6 1 2 32
6 1 3 3
6 1 3 90